3356
9584
9684
9017
6403
1243
8305
6598
9150
3797
9643
5864
2476
8814
4776
2728
1277
9892
2189
8893
2584
3967
165
9555
6044
84
1891
3158
4419
2197
109
8888
9628
6940
7139
468
7640
9043
1614
8113
2755
1790
7426
3139
9837
5151
8423
218
41
7693
2974
6714
3734
115
7524
4036
3360
692
2971
3769
9106
5474
6069
1288
5093
1674
6616
7240
9387
5490
7391
6014
9915
9038
3889
4887
2909
9550
2337
5528
4380
5377
4888
7200
7880
6944
6990
3257
4948
7954
9329
2074
8337
8760
2253
9255
8183
89
6754
5603
645
3085
7300
1271
9608
2481
8675
8455
2168
1427
5141
7185
3929
3334
1154
6010
3997
6528
567
9373
2966
2144
9114
7731
1962
5915
3894
90
6618
2294
9622
1730
7467
999
4920
6207
9431
630
4223
4454
5776
5365
7831
9898
2734
2228
7250
3289
8384
5697
9777
4864
893
7419
3747
1513
1290
3928
1499
9766
3658
7338
4657
6612
5128
1087
7357
3507
8277
671
9386
8710
6472
6165
705
1236
1252
9439
1605
983
2478
9819
5216
9199
4872
3869
5820
6371
2489
8813
3254
3529
5330
7999
2243
2405
7578
3258
814
5730
3344
9821
4350
3301
8923
6692
382
2678
54
1710
8721
9939
9187
7818
2530
5908
1388
5426
4912
3434
38
4025
5534
6526
8534
7627
5366
374
1268
9589
181
4442
6196
8432
9299
4766
1842
5075
55
7019
3283
8841
4717
6019
5673
9728
2166
8881
5352
9815
4268
3233
3840
7901
3596
3534
9122
6226
3881
801
1516
8453
5638
2155
4464
7492
4719
8753
6848
2466
7001
632
6683
4210
5501
2715
1120
7725
4801
4502
3713
5427
3494
4314
8801
4195
6062
7414
8539
5263
2382
3550
717
9456
323
7611
9888
6447
9204
53
3302
3887
2283
2628
6821
4796
1871
5901
8822
3431
1611
9018
2914
1471
2976
312
9588
8471
6518
7500
241
5744
1716
2978
6905
9419
8751
6452
7210
4678
3702
4785
4661
8897
3396
9823
2547
4610
6254
6255
1993
7851
8521
4513
979
8526
2505
5092
8472
5601
9306
6587
7278
9472
772
3152
9330
7028
5961
4079
9009
1506
5817
2438
6796
863
4324
794
337
4244
9867
6992
3040
7046
235
1853
655
2888
6236
3973
2790
7572
9662
2465
795
6158
7176
6233
3770
4332
30
8654
2247
104
3472
5260
9664
5475
3483
8755
3525
8964
5068
1110
5759
8341
9289
6739
4634
118
8476
7822
6912
1453
4881
2125
3611
1648
3674
5272
3372
8699
8828
9312
3042
3314
9003
8546
9313
9839
1108
5339
9852
1064
2142
6770
6440
7366
6347
1638
7689
9725
1602
5992
2896
8000
9573
3014
4001
5635
8824
4816
2865
7079
6432
6423
7020
4318
6687
5867
1376
7906
5515
4484
1403
6317
7798
4524
1761
8418
1854
1586
1503
6624
7619
3802
5371
3601
2237
1464
3402
7992
4160
4021
1702
6439
828
4548
8904
4375
9088
7130
2525
7890
6271
1066
8766
190
6221
7358
5874
5302
811
8196
6569
8648
1571
823
3340
7795
3133
1974
6873
5056
3195
3177
1472
1057
7629
8494
762
3073
9530
5563
7163
1162
5187
6516
5186
2086
5458
2043
4457
8937
263
8148
4400
2250
9989
7922
579
4410
9746
4806
2036
9864
2991
3633
8055
5948
170
7568
5157
8053
3805
4950
9111
9198
272
7913
6840
3965
3882
8323
8259
9875
70
9822
5641
8139
7552
9988
188
3783
6064
3846
5086
4325
2014
5312
352
261
9780
9855
7517
1976
5500
4061
8980
7024
2264
5676
6157
8684
5287
8363
5178
6174
3134
6636
5355
7345
1864
4070
1801
584
4815
9960
725
1902
3096
4055
10
1535
2578
2669
5414
4647
2336
5895
6216
8517
6495
8977
5239
3994
481
8976
9136
7522
1508
6441
2194
1620
8270
4363
7865
7543
5630
1544
424
6611
9415
878
6476
1044
1475
8419
2746
4602
33
7675
5756
5481
3322
3703
9625
7869
1595
5193
9848
6832
505
8378
7135
4306
2650
8608
1230
1742
3405
3474
4301
9851
9652
4540
9395
8089
5599
2654
8324
430
1228
7514
4781
189
2656
3609
7993
8561
3304
3756
224
4229
7444
5956
884
1040
95
2427
1930
3338
815
2557
9763
7930
1763
4732
7005
9076
5668
5645
3531
7591
7599
6635
665
7117
7073
6749
8151
7661
5804
2233
3842
2214
8653
5952
6631
8576
3064
5600
475
3240
3202
4530
1563
8387
666
1143
618
267
2485
9618
8957
1416
5657
1971
5552
9224
565
3438
9816
4073
3105
2081
3062
9820
6887
4662
2106
1054
6525
3218
7433
8179
3984
1349
4428
2269
7461
4840
1722
1477
9120
9154
1003
8492
5851
5669
8662
4439
9810
1423
5066
7807
3830
8321
6274
1383
2018
7310
955
7566
1690
3740
3557
1073
8757
4803
3065
1795
5891
3325
3252
8192
8439
9062
8973
2543
5980
4589
4146
7405
5522
1229
8136
6798
9427
881
4575
1966
52
2252
6701
6436
4148
5724
7410
295
4177
7355
8074
3393
8398
5409
2226
7541
5449
9207
1927
7299
215
4015
435
4451
5402
1128
2571
7184
8738
6392
1612
9095
4193
6338
810
8069
7154
4733
1048
1245
4747
1533
8990
5111
8165
749
4384
7772
6401
1467
9590
7327
9322
5968
862
2077
8742
1310
1042
4417
8235
3561
7852
7054
4041
1542
8587
1174
4625
2577
2773
7209
2113
2447
9614
3430
8887
1126
408
7928
7314
6866
2326
4218
1465
3588
2873
4370
582
6262
1282
9833
7036
288
1999
1088
3277
6522
3423
8604
1886
4573
9630
4838
2937
7232
7919
3477
8884
6071
7741
4593
6060
7260
6965
5940
6321
2893
8767
7889
2482
4500
7319
8220
4714
7121
4211
4185
6685
6167
572
7076
8632
4292
9004
2882
5351
3311
6675
3089
1011
937
9784
1155
1980
3075
2704
5179
8898
3099
4494
617
4650
8098
3215
4906
3723
9446
384
8700
3280
8326
2274
1145
9862
3379
1859
9260
8269
145
7107
2737
7464
9021
7806
4106
1810
1498
5928
5422
3102
4216
7503
5507
9277
5540
4798
4856
3307
3153
9537
3008
6025
1562
2305
6632
5226
1125
8835
3559
539
2565
1076
2008
2379
958
4143
5051
5071
2719
5766
4786
3514
464
3348
6427
4381
9936
8218
8158
103
3397
2708
9533
2563
2695
4808
2871
68
6538
3297
356
8672
2702
3560
9294
735
1750
8282
1375
8542
3821
7175
1679
1248
9436
1149
7101
9042
2849
7935
5554
7066
7245
1829
8740
5395
6795
9962
1348
3164
7723
7713
4431
4824
3868
1893
3432
8260
8994
3652
7616
3186
4137
2939
5165
6706
732
2456
6672
1526
6843
1772
8736
2593
3253
3763
3382
9134
2259
9487
2647
4712
5684
4648
3780
1394
4516
7982
1557
9497
2041
6474
1873
6715
7247
1845
585
1292
9599
9295
5115
1359
936
4293
2824
2470
8125
5957
4942
910
1334
6857
1752
890
8427
1341
8467
7097
1281
3558
3110
1603
5746
3591
9385
5054
4510
4355
6097
9710
4310
7011
5467
2639
8073
2831
2549
6499
7088
2844
1541
8446
4420
9323
7961
5727
6577
5653
4249
3229
5024
9659
9857
6288
3784
2659
7290
5667
6942
8903
1130
4741
168
3420
4731
8248
5869
7129
1549
7148
592
4432
5089
7581
4407
4086
1123
6272
1182
8442
5247
5107
9996
9005
4753
1652
4532
975
8149
8683
1029
3318
3835
2581
7918
7081
7815
8685
3029
2071
9357
2680
5953
117
889
7691
6551
6937
9977
3714
9666
8776
3923
9673
2521
8071
2938
5463
2167
251
9368
948
3604
6261
5308
6349
8046
5650
4412
1317
5842
4498
3106
1266
1159
8267
952
108
6698
2414
4730
1303
3972
8865
3094
6884
7457
7070
7023
2998
6924
2781
3687
3829
8219
1263
350
9393
6139
7323
4198
2529
921
4119
1817
9798
6057
7784
8307
6063
9040
8462
3441
5723
5747
4925
4726
3932
4501
2479
1931
6407
2333
6156
5333
7216
6448
5452
3056
1053
7970
7498
2457
6372
8569
1811
5917
5516
9034
5587
495
4675
9727
6512
4525
8584
6971
3341
7441
7313
6929
536
8177
4000
4497
3980
2126
6032
4398
6609
520
5270
3458
7645
9056
4755
5300
1651
2754
6846
7062
1486
4071
3192
1479
813
7700
9214
4710
141
9884
7041
3321
83
1371
7657
624
7534
206
1920
8299
5611
646
7111
296
7841
2594
1366
1725
2672
6943
6614
7897
4278
7230
1982
8404
3736
611
8345
345
5966
8622
6854
8465
9542
1219
8327
1588
538
4414
28
9115
4951
175
1156
7969
4706
991
8830
4203
4212
9897
8403
1889
3103
5767
5504
4782
9165
7780
4311
791
5035
1675
2208
3757
8104
8204
6808
5537
9444
3349
1522
7576
4995
8984
4371
6294
1311
6941
9019
6584
3847
5337
9254
8410
5574
2638
7382
756
8799
564
2460
425
1194
5988
3101
4861
6740
1706
4693
1332
6031
6435
1701
4184
2376
1370
9103
4556
8826
4526
9901
6365
4186
1459
4290
5288
9455
9847
9752
8783
6998
2925
4346
9362
9814
7678
3959
9475
6592
5907
7370
4405
6671
6542
7888
507
6383
715
4241
7053
6033
2532
6867
7233
4673
4191
547
4283
746
9142
4857
5003
1809
3468
1684
5098
8506
9462
6669
6955
3513
7508
9907
3063
661
7966
8437
3798
6812
2323
4473
9739
6600
7846
2714
3475
319
8564
5531
2614
9084
8975
2411
7090
7220
8727
1659
3643
5656
7947
9093
4443
6776
8195
3160
5017
557
7565
7057
3243
3333
1113
525
5253
5514
1626
6620
6056
8197
9519
99
1078
8951
1912
7625
3621
7446
2900
4395
2331
8902
5764
8095
6916
2300
3981
3518
7881
2866
3540
9616
1285
9347
7415
1043
6968
4594
6434
2073
6930
5132
3175
8680
3975
8593
4035
2190
6498
1496
8731
1743
9698
2503
3418
568
6994
9874
941
1826
5943
8941
1828
6625
198
4129
673
4153
4989
8818
6952
182
2198
9956
6125
9213
8652
2526
6459
157
5005
1794
3946
6979
9028
1171
8671
2061
4388
3176
4220
2035
2660
1004
1683
6099
5256
1573
9173
8624
628
8589
2313
7002
2958
2895
2916
4246
3041
7029
9568
1793
9950
5376
9195
1095
4144
4792
9345
7925
9873
2733
2539
3060
4274
4566
8772
3031
3919
1470
4632
7677
5194
8870
1986
2467
9460
461
9946
8112
8092
8457
7390
7797
716
5532
5007
1718
1034
9686
130
1175
3726
8035
6253
4351
8761
1598
3309
6029
3535
1528
2201
1849
859
5662
5324
6301
7315
2031
2270
9144
957
4711
3743
6789
6752
9751
8842
140
8878
7971
812
8484
4359
1099
1827
8678
1880
7465
3414
7531
5818
5582
651
8519
5526
9457
3037
6202
3303
9218
9482
194
1608
6283
2298
5488
2094
1958
8524
5569
1249
5977
101
2836
4709
1846
3409
8359
6508
5933
2809
212
1618
57
3117
5469
6540
7223
4047
3982
7026
540
4084
4768
7241
9948
3413
9184
9671
76
2979
6628
4304
6005
3933
2706
5675
3377
9405
4168
5173
3292
7959
3077
1900
552
695
1170
9160
71
5482
5639
9311
6638
909
9552
647
7567
4783
1721
6745
9994
1672
8360
7548
7136
7648
8105
5381
1667
4248
8982
7093
6574
5295
7696
9181
7112
361
8788
9331
5588
482
554
2415
7988
6825
1135
397
6405
9051
7096
2770
3578
5962
4724
1410
9617
8901
1422
818
8544
911
3155
8697
5105
1237
1318
5357
8999
6831
4764
1903
6837
503
6241
7530
306
981
6817
1027
6690
5309
4659
7301
5835
7120
8222
6664
7808
3888
8076
2989
8193
2066
8796
7259
1895
7633
4196
5909
7042
1414
1789
1527
5527
4088
2211
8956
494
9895
3025
748
8361
1090
1294
3353
9981
596
3511
5912
5208
8050
9570
2451
5266
5749
1676
7885
977
8412
6431
2954
4276
629
2785
8314
5621
7438
8890
9804
5642
3533
9480
5509
5750
1446
6100
8559
9667
6089
2717
5154
6650
3345
9119
669
7977
3199
5032
4609
4702
4845
8497
6135
2454
1419
8987
528
7485
1430
1610
7991
2707
8278
713
4179
8513
4919
1386
9677
8773
9094
4716
1005
1786
3383
8606
4069
1291
5000
6485
7941
9216
7936
6215
1497
2464
1093
4383
6871
4668
4065
472
8487
5192
3950
8049
4215
9642
5176
4026
6623
830
6075
5404
7976
7980
1698
1070
7000
3231
4640
1274
9484
5571
11
1970
2249
3801
2459
4205
4959
7519
9035
1111
7994
238
2664
8181
4553
7742
3182
5806
6497
7429
7673
5521
6865
2483
1800
7075
5484
3836
144
822
8861
7174
1485
9527
7858
9454
6802
3794
3577
994
5713
784
1411
1642
6367
7479
334
2222
1426
9434
7857
6249
9121
8340
9923
6617
7049
2637
8536
2304
7463
7258
9380
8495
9917
2347
1298
2670
8017
5565
929
6342
3626
2263
6419
3154
6481
4358
5973
6586
2626
9669
8626
7605
8120
4357
6210
9470
8322
6989
3737
1327
5471
3357
2346
2752
2987
3668
8287
8283
3378
8072
6876
9071
113
1894
6633
1576
2967
548
8911
4527
5890
8815
45
7297
2524
7453
8217
4459
516
9303
9355
8087
2910
5099
3486
7773
4115
9943
8631
4600
8231
2551
6186
639
5646
7488
3785
2767
1302
3524
8630
8643
5798
6200
363
5951
1448
3209
102
4319
7872
3892
546
1949
8995
5978
2652
7641
1565
4192
4847
5793
4809
9428
9995
7816
259
9772
7986
9769
9495
7697
2317
3638
5671
3055
4406
1841
864
2818
7759
7292
7505
317
3368
7984
9201
6818
4082
5433
6404
7585
3493
4533
5259
6888
3198
5359
171
1556
5758
5665
9830
1014
299
7777
7875
3692
3298
7409
123
7695
1979
7365
6123
1032
6764
1115
5882
1353
4821
7891
856
1965
3481
8068
2385
6565
2929
2499
5794
7615
155
7354
1432
2875
8696
4681
9381
3728
7015
7329
2468
1740
9233
4562
4190
8644
56
8872
4117
5872
1037
5213
9118
24
9375
5015
931
4743
4342
187
1205
5849
4267
5320
5380
2775
150
5130
8339
6667
3996
593
4305
287
4480
4482
6653
9212
8647
9557
9826
7072
2289
5894
7377
933
359
1242
7861
3575
9473
5743
9511
6973
8216
4470
3141
6564
837
1257
601
4116
7436
3655
6113
1378
7242
6040
5544
191
8974
619
4087
8056
6381
73
7779
5585
1657
9964
3573
3454
5465
421
8889
2407
1264
7275
2506
7582
2794
9020
1442
9271
4574
7931
5368
8919
2760
6932
4136
6964
6896
4176
6479
4886
1697
309
2857
9978
3429
6786
2668
6502
9753
2340
2933
7134
2421
6047
4660
2598
9934
3342
7047
6109
9488
2223
3901
2279
6466
1079
6501
5722
3831
1307
7375
6362
7094
7393
5262
1948
6127
5640
9597
8709
2492
7791
2600
841
5765
9774
1458
4382
8209
1967
5969
2058
9757
3629
9175
1157
4214
5388
7539
5329
5760
2567
757
1863
4988
2681
891
2536
1089
3844
2491
1837
1596
8854
9516
8638
2416
50
4399
622
5127
5356
6078
4591
9958
9069
7588
6348
301
232
4013
6691
252
2345
2301
2820
3873
6523
8199
930
6966
9440
664
205
6712
8789
4860
729
5435
1820
7194
8809
7295
5274
1650
6560
5543
1890
9032
4932
9899
3083
1583
7276
8701
342
7421
4767
1646
1892
2221
751
3952
5647
499
2779
2435
9683
285
431
9052
3966
3600
1468
7744
5065
442
6491
6738
1707
4261
1787
2837
2284
2258
3569
6976
2961
5897
8839
3313
6115
7193
3416
7021
8382
3244
8004
5595
726
2273
5104
8052
6072
9790
5857
4811
9203
1665
3449
7909
8851
7813
87
2045
434
3268
6116
6561
4233
6644
5292
1617
755
1914
3817
5812
8024
9256
8353
6851
9927
3285
6927
5879
7887
6607
3605
5059
4222
5898
1401
2555
5696
6670
7811
119
7325
6128
5715
4825
8968
5318
4124
4960
4043
6868
5413
459
9910
9157
2860
4700
4337
4288
2799
1476
6762
7156
6092
163
3791
6457
8370
8663
2098
3114
5144
8812
5576
5745
5222
4009
394
8571
7594
2386
3364
336
6563
7497
3685
5408
6160
3704
8874
4987
5064
4401
5677
6382
1835
3389
5372
8734
2053
1374
9200
8929
3688
4598
1866
6155
7998
5860
9860
5152
2921
660
2769
9693
8574
6299
5873
7182
7359
2829
4269
3752
6918
7866
6801
4101
2632
3616
5043
9269
3170
3854
834
2417
6537
5437
1036
8214
3555
5822
8228
9376
326
3877
6333
2193
8656
1554
8332
9272
793
1031
9396
7091
1693
5055
1670
4489
8989
3694
455
5979
4761
2473
9759
3305
9905
4993
7623
9809
4683
1923
1616
6513
6960
7470
8713
6723
3885
4699
7621
8094
6765
4254
9086
169
7805
7917
2795
2003
9741
8843
6122
2612
1904
3143
2325
7769
6188
7830
3625
8952
8368
2339
3000
4242
8079
3395
5903
6686
8750
8134
2029
7630
1185
3005
3242
5234
8025
6934
7489
3092
614
2364
8036
1006
4588
5140
6336
7507
3650
1022
5847
4990
5707
5725
4054
6081
3883
6177
6983
3465
2192
3634
5076
3875
5643
7178
7317
2761
3943
5362
9328
9951
6003
7739
3245
1884
6708
5228
5617
8716
4695
674
4687
9285
6198
5916
8690
8229
7753
5880
9788
788
1107
9030
439
2383
5854
7714
3407
2433
5945
2644
2484
6610
8636
869
8245
3681
5789
6747
1767
583
9171
1805
9281
8160
9646
3637
9583
769
7302
1283
8123
4656
7157
3510
8891
858
7794
6126
1981
303
5557
210
1429
9754
6154
2163
2141
562
9235
942
7832
2169
9490
1039
6721
8131
8137
4155
607
3163
2079
3603
8168
4121
3435
7411
7637
5401
4166
364
9466
8295
7371
8407
9176
6907
1947
60
3678
2607
5927
451
2277
1677
3852
5046
3123
3365
3196
4481
9545
8320
3391
9128
8221
8586
1381
806
2178
5168
4972
1723
1569
4197
5406
3695
5326
3503
9070
9249
1255
9983
9706
3945
5387
166
9230
2789
2696
7127
3706
4547
7392
1972
615
8420
5782
9538
1420
4613
7069
5014
4902
5040
6087
7975
4652
4427
783
270
995
7151
7059
5087
1457
6545
197
7860
5680
900
4873
2744
5562
6107
6153
1728
8106
1188
6340
164
8298
8867
848
9107
9308
838
1466
968
5122
5454
6275
2469
4686
5369
7423
7443
4273
1067
2119
9564
7937
3072
3211
6460
3684
9334
530
1100
3819
6391
2395
5289
4518
4933
3412
9089
9474
2375
790
5866
1760
4309
5341
8651
6399
6327
3554
8543
7510
7126
7095
3427
9194
268
280
410
7222
368
3489
93
6067
8720
8847
5418
1954
581
1052
8041
4170
1590
8886
8130
6303
5116
5225
3002
9502
506
6779
7624
7513
7687
9092
3020
6855
9063
8619
809
2137
3899
5999
6773
7204
3350
2092
79
5708
3098
1047
3964
8637
6344
4435
4813
6433
2868
3128
6021
5123
2558
9039
8262
2634
2393
3693
1080
6845
4423
7674
1905
4853
6806
8187
3437
9738
9001
7064
5960
4461
6357
4487
9382
6121
2786
5800
7374
8963
1474
9944
2461
2944
1321
3724
2800
6684
959
3748
8920
3246
2718
2911
3142
7826
7587
8473
8741
5120
939
4585
634
9812
6862
4033
7397
887
7468
8143
2111
7710
8795
6368
2556
760
1210
2488
1591
9846
9138
915
460
1585
1450
7655
7649
8349
7439
1578
4779
7706
6180
1183
4139
3956
4042
9824
6558
3459
3388
1915
1478
8466
19
8425
8334
912
9722
3136
4909
3910
7895
8330
1438
4559
6247
3725
137
5057
8145
5911
9987
6969
6984
5254
6356
418
3070
8676
5238
8329
8777
8493
9389
3947
648
1906
1344
2085
4698
3421
6103
4837
6425
4986
9182
5598
3755
9593
8547
591
8292
7607
3764
6228
5612
8200
7227
4976
3759
4758
687
827
7562
8366
1658
5210
4271
233
9288
1384
9553
8566
3315
4854
6390
1547
6531
9080
8302
3505
6552
4467
4515
8405
4994
5137
6073
9517
6013
7166
8548
2200
9529
5002
1065
1074
7593
6709
4238
9369
1417
527
9340
5018
4641
5456
3226
710
9854
3779
5573
152
668
143
7142
3347
4784
7614
3214
7589
343
7718
6643
6847
2285
1694
5175
8718
6051
8912
7386
7651
311
2816
2693
738
274
5975
967
9450
7595
7681
399
5721
4362
7896
2830
840
8093
6282
6601
3497
8959
7169
2410
2220
2874
4174
5597
9606
986
6442
1293
4658
9186
4946
4680
650
9546
2455
6363
6173
543
5049
269
8468
9206
2947
7480
7272
4851
3173
5506
677
4979
6922
9486
3401
2854
5391
9535
6298
4937
2329
6602
1247
438
5072
3512
2550
6270
6416
2496
5781
5438
1872
5529
7077
3826
1523
5636
6475
850
9505
3913
2371
9932
4978
5364
9361
8970
1988
5905
5004
9654
4152
4141
2292
3930
172
9849
1402
8150
820
2202
9318
807
3048
8211
1306
3598
6219
3051
4328
237
4631
2535
3354
2044
4770
7102
1604
6066
6893
6718
4167
1428
8469
6302
6791
4366
7834
1860
5167
6506
8579
9605
3539
6673
7636
980
1262
3426
9
6766
9367
3288
146
3148
2977
7425
9540
8752
4344
1877
9586
2374
5039
1404
2396
3208
8333
7287
4425
6732
5720
1114
7686
4
9068
2164
34
8618
7924
4317
4298
4592
1168
2502
8833
3758
8090
3339
2117
2724
8347
6931
6354
4312
700
7921
1531
950
8253
1325
8289
2159
5322
4848
6178
1050
8930
3022
9503
8825
721
3670
9592
9022
2969
892
8770
5398
8567
6080
556
4961
7045
6571
6482
110
6084
7796
4506
6239
854
2679
9341
9771
63
1776
226
6836
1072
5126
6001
7110
6378
8962
8816
8290
3113
1015
4927
2372
1969
8385
3920
9390
9526
4108
387
5910
7394
2995
8274
1878
7652
1581
7787
3282
7850
8635
2067
9464
3045
7900
3921
9425
9363
8694
2666
817
4491
9853
6260
4236
8374
3761
9802
3530
9629
8166
4138
100
5030
5784
8781
1627
2296
5819
7716
1331
344
8885
7800
3719
1883
4052
3659
2826
8258
8629
1764
4859
1398
9827
3849
1560
901
1852
4347
1987
1918
5551
3612
2216
6534
2588
9695
1726
7512
9101
7056
2090
3767
541
42
9287
4852
6151
857
6170
1868
1226
6234
1356
2271
9337
5321
5113
4561
9498
1704
7523
8906
987
2793
8246
6146
9805
3380
7279
6951
2711
7754
2518
7484
1555
4307
9760
8845
8153
5416
5774
355
7350
6947
9108
1449
2265
5827
9112
9116
2934
1938
7597
4627
3130
31
6213
6039
466
6517
1424
4447
8848
1038
37
2215
2246
5050
1746
2747
5670
4075
2409
8170
1328
5618
2080
1645
4068
2219
4846
5230
3907
3499
6038
8448
8863
5344
3191
1127
7598
5172
542
2956
4105
3790
3019
8633
6276
8514
2
3623
7768
7590
631
2924
5545
7902
9217
3589
5373
5795
8006
5704
9982
7848
853
4703
9377
7215
5944
7012
5143
2945
7173
7103
3571
8722
5
774
8240
8402
2156
1350
9796
1046
1977
3813
445
5584
3185
8346
8732
4354
3067
5763
7499
2700
3361
4140
8486
7845
5862
5124
9930
6575
3519
9925
8443
5382
9321
3567
3018
608
1456
8028
1551
2677
5476
300
974
6800
6251
606
7177
8775
7
1589
2981
432
1529
2736
7153
8194
1447
3061
1329
3862
5470
6935
3917
9828
413
133
8771
3498
8118
1727
4910
5861
4791
9904
1543
9711
6359
6757
4503
6579
5778
6906
1662
6939
8186
2847
1678
7771
1959
7221
8686
6106
5294
7261
9649
6169
5434
8424
4736
3961
9967
2990
9733
1814
4914
8531
5922
3443
6414
8910
6316
9561
2161
4546
833
8537
9467
3677
7776
6630
9720
842
6012
2245
1932
3765
3448
5592
5011
2276
106
8793
3800
8859
9499
918
9510
8286
7213
1372
325
3097
1572
3925
98
8967
2458
805
9190
5841
662
476
9491
3730
3201
7926
9634
3236
4104
8958
2131
6240
3593
3363
8925
9655
5363
759
5740
875
8128
8033
3450
3385
6769
3960
7555
6853
4756
8236
6413
799
5023
4738
849
5284
6782
1013
904
785
7551
3227
9026
7055
8711
9365
4890
2765
9279
9885
1231
5028
5699
3017
8693
4829
7098
1273
7957
8101
1615
5627
954
7644
9332
589
5816
5796
8264
1921
3647
8031
6114
3680
8507
2437
3895
5150
3870
2636
1732
2088
6877
4159
1489
9955
5936
7050
3004
3922
2738
4603
8792
9756
3247
6214
9539
6597
6772
6758
8703
49
2261
9451
1153
7285
4189
3551
4929
6166
8749
2827
6478
3161
8129
1019
8502
4092
4356
9748
3256
9274
7829
9609
8876
474
5108
990
12
704
5133
5520
5331
6788
8355
868
3179
6291
5716
5455
7803
7763
1421
604
7203
4336
6119
4718
6176
5347
5279
1322
5518
550
222
6458
6395
335
839
7271
6767
6042
6909
8409
6104
9027
709
532
9508
3988
6972
441
1314
7704
1613
8844
5583
4060
9902
8808
698
8538
4894
373
8301
2803
4835
956
4149
7856
5783
5859
9702
7518
6195
6839
7004
8932
5590
6521
9324
339
416
9906
7667
6134
2926
7333
9548
5839
8549
1335
9903
5913
574
5242
5878
8358
6524
3837
3003
8681
6833
2196
4750
4217
6852
4098
6061
1198
5223
8422
7715
1481
7728
6077
3538
9984
745
9081
6244
2206
7167
8603
4685
1798
2025
4899
8175
6829
8304
2138
5678
412
2855
5808
3733
5291
3346
9139
6572
2712
4231
8207
4542
6306
3697
7910
4456
9544
240
437
7340
5938
509
7367
4303
405
8855
4224
7420
7786
8205
9413
9449
5661
8594
7418
9515
9714
1103
5578
680
5593
5672
2912
5403
2381
9716
4426
6677
8528
6245
8380
6744
8203
4793
1833
8689
2624
2191
5803
132
4804
2748
322
6250
1922
5073
544
693
7886
5567
9210
7040
6570
1821
9700
620
3526
6891
6488
8140
1323
7352
6471
7781
4321
3528
5702
595
8551
8949
2034
4580
8010
6446
5801
183
6872
6036
7527
2183
4067
1628
1397
6946
5342
3735
1532
3615
471
9941
4488
9050
8328
1520
9343
4181
5604
770
1309
3568
4934
3028
8057
7231
107
1537
3317
571
5301
1984
2462
2357
5591
5737
9130
1975
1315
4897
7892
8002
8157
9871
7955
771
8729
4411
81
683
9478
2983
5605
5191
1367
7369
7181
4694
9148
6864
4543
6185
3690
3241
3140
3698
351
4299
4199
1081
4928
8735
9416
376
7526
3509
3727
609
798
8508
6982
7842
7707
8554
4123
6208
7618
16
1316
6580
1180
1345
5833
6091
9247
3850
6199
657
7705
8665
7670
4644
6366
4302
6070
1224
1131
3433
6606
8463
7189
6273
4221
8230
7092
9024
2348
1214
7406
5353
1094
4045
4775
873
2538
2180
993
9125
6402
2927
5332
2845
9137
1539
7356
4749
1941
9843
7164
8015
2050
9192
654
447
174
6995
5786
5273
2391
6043
927
2527
7288
4452
465
4361
2306
8797
1178
6049
9215
9765
2143
3149
4679
8819
9220
5305
8739
5236
5160
2428
9775
9327
8829
7679
6295
6899
6048
9704
298
180
1644
3953
2028
3860
7087
6858
6514
9699
7556
1734
8600
6519
8691
7448
9869
776
9761
8646
5118
3367
8108
8037
1395
3938
2589
3034
4544
3026
4984
4827
9745
2425
15
6443
278
8255
1365
1858
4462
4654
4448
778
744
3689
2822
7632
6263
6238
7128
3476
2843
358
6933
9536
2182
2118
6904
3469
3683
4651
158
5243
14
5705
4265
9518
8244
9234
781
9453
4802
3912
1412
7839
6894
4329
7646
8085
7038
4882
972
4823
9890
2160
9064
7836
6296
5343
847
932
7308
3679
1773
1566
9267
9426
5278
6886
6603
6136
1063
8375
8498
8913
75
2494
9795
4744
9352
6594
6489
9726
8765
1759
8568
8682
8395
3543
8372
8673
824
2431
9445
7968
4918
2582
1377
3442
4737
3878
9476
500
906
7234
9170
2000
8728
8860
4343
6619
2185
5634
9370
129
3942
8464
7309
1792
6962
4339
1933
1250
2801
5709
9432
4446
9016
3466
2619
3151
9637
7495
6278
5198
7767
5994
2501
2629
4376
2351
6648
2675
5461
719
8429
2334
992
6449
162
9730
2227
8838
4967
763
6027
8908
4247
5510
5930
5258
9383
6284
5997
2280
6364
1654
8515
9567
3351
4834
8020
7159
9471
9407
1968
3566
7883
1240
236
6785
7810
7506
8762
2452
1844
6008
6265
3312
9074
1160
3473
7035
8950
1753
3897
1720
926
4748
2432
1440
3886
5688
8943
8592
1408
2026
9162
5868
5314
9351
1887
3772
2721
8520
2072
9689
5497
5986
6647
7251
5761
5985
5156
5505
3016
2651
3676
9403
7212
9284
7953
7078
5170
988
4279
2838
3400
8717
2102
3006
2621
905
5762
8319
6387
2287
2959
1943
7186
9297
4788
6695
8688
9169
4058
5436
8639
5559
3010
8601
3261
2884
8176
2474
5423
4437
5735
5174
7246
5555
6938
9268
2923
2823
5483
2104
829
6310
5613
1172
2883
8917
4555
8780
9293
200
470
220
3902
3760
3825
9164
4096
821
8483
5929
9077
3749
9549
2566
3781
2839
5717
2852
9205
4769
3108
2957
6820
2658
1929
85
4998
1548
2350
69
5012
3276
1717
9421
6142
2084
7536
227
5138
9305
2673
4539
852
6578
6355
2559
1169
9547
6268
5493
3799
5965
2609
1629
3976
315
3572
9325
963
4142
3403
1061
836
3279
1910
2701
9636
3460
4707
1649
4258
1680
8810
7006
7145
9270
9973
5632
9908
3121
9348
4645
4754
262
9276
4672
9079
1400
7381
2266
9075
2099
6112
5741
2583
1668
5166
2808
3501
4232
5112
3991
9966
6902
6429
4385
7003
6805
6703
6680
5633
246
8558
5814
9237
1260
7144
4735
4386
9082
8371
9031
3359
5659
8122
2033
982
1148
8831
5428
1879
7951
7905
7569
9679
6763
4966
2463
4490
1320
2069
2230
6613
5485
5412
2475
9672
3651
5548
9579
504
5117
8570
3485
1116
3259
6920
2878
2310
6006
8306
5836
1711
6533
2625
9458
6009
9928
8503
7473
7435
9656
1434
4374
5275
4534
5757
9145
8794
7600
1437
4862
7471
7104
3712
177
2880
7544
2075
2962
7934
8620
5549
3272
3145
1139
9239
7343
2698
9868
8791
6192
9633
2687
5451
4206
9626
2859
641
5101
9317
4433
5887
9770
6605
5703
2848
2121
1166
2332
6322
7835
3640
6917
4056
9818
947
9758
8445
6777
4253
4250
9159
4496
943
148
4019
6576
6804
6860
367
4904
6015
3492
3249
2498
526
6343
6020
9477
8529
5466
3269
5361
4777
2908
6819
6841
1068
1709
1606
5457
8213
7442
8156
1896
9384
6181
9161
5169
1339
2537
4083
7118
2777
3968
8588
9353
8265
1815
9781
5468
3115
7334
9715
1601
3586
7762
9441
728
8086
6133
4493
2784
9801
1033
5430
1777
5417
9408
7208
7211
3673
816
7656
511
676
7010
32
5987
3649
8674
7570
6453
7692
7778
3795
6535
8107
5074
6229
3753
1001
1010
2146
8591
26
8993
1209
216
2887
4877
2316
6903
9566
7401
610
1733
3484
9523
8769
4921
5162
6415
3112
7734
4038
390
2787
2030
3664
8807
1495
2994
9631
3069
3855
8928
4289
8456
6259
9844
2635
8597
9240
4552
1779
392
724
5233
1278
8883
1343
3617
6527
3104
1280
1287
3935
8509
8377
7270
7877
6287
203
13
2730
7719
672
8900
2091
9645
7108
9990
8599
483
8097
4064
7071
7761
8414
4674
2361
7660
8642
3165
2835
5025
6775
7168
9968
8894
1369
7521
9918
7306
7664
3118
3189
1357
9461
9933
1199
1530
7639
3663
4364
1106
1206
3720
7802
3993
4100
2941
2017
3866
7879
7662
5946
6803
3445
9641
8047
855
2553
4908
3786
722
4053
1848
1413
3827
4514
9296
116
3336
7538
7403
6547
39
7089
6374
78
1347
2010
9924
5925
5691
2389
5180
9911
1445
7586
914
377
9660
8997
4178
3039
9935
9044
8645
5182
8946
2095
3030
1757
7799
8189
9574
8798
128
7281
290
8744
6370
8759
4522
4858
4349
5734
960
9520
6493
4281
2881
7160
9806
153
1012
9507
9442
9707
4010
6705
587
8155
621
3916
9350
3995
2122
8806
8308
6544
5429
7873
6707
6129
4245
2515
1960
1491
9658
3291
6668
2308
7574
5268
1521
5523
5091
6248
5964
7202
945
4624
7472
1336
597
8003
9563
8045
9117
8023
4114
8836
5267
1361
4172
6385
7699
5683
4900
2904
6870
6426
4472
6330
4529
8981
7398
369
3384
9100
5303
9776
5177
5892
6467
3903
6182
9066
4226
6334
5424
443
6045
3915
135
8135
4636
7474
7099
4814
9055
7853
5681
4333
3462
6881
5441
5990
5712
8426
8019
8787
2560
9465
2177
214
2814
2406
5942
1484
6266
720
5317
7927
9808
8523
5070
1007
4551
9678
8013
2879
3232
2832
3248
8578
699
4444
2063
2573
2513
8077
8180
9755
5885
2397
6646
2204
6658
3812
7236
125
8354
2341
1924
3986
316
9531
5622
3392
6380
4579
7372
4671
7540
7009
9252
6980
690
658
7400
3119
8250
6679
330
7217
1439
1008
7109
5394
8435
6325
6555
4007
9713
1452
1955
6235
4504
4379
6503
5479
9976
4466
2500
4953
329
2788
2691
802
5106
8695
6222
6957
1784
6175
489
289
3081
8225
5689
349
6755
6697
5161
7658
1191
35
4930
2135
5063
2903
2212
1748
7912
5349
9029
3183
4727
4429
3050
5271
2986
9304
6332
5129
5411
6659
9551
5283
9992
2288
4807
4320
2448
6059
1409
1324
9705
4175
8724
2290
765
3880
485
1124
8408
1806
6082
2993
2572
5399
314
5664
6753
6172
5250
2422
9392
4572
3705
5477
1802
1898
3636
4708
7604
598
8171
2150
2441
3582
2016
1823
780
5432
6406
6863
6145
5410
4209
8251
9398
77
370
1517
782
529
6205
961
8027
1071
9096
714
792
2175
5400
61
9251
6187
5586
2038
9971
6774
5419
6665
5848
7579
9813
1945
6002
7553
7483
2948
7161
8011
8969
3266
1751
2623
1502
9665
2242
9922
7268
5195
7132
3669
7218
347
876
9196
3858
8895
5425
6305
4424
9717
4188
2771
7291
6150
9521
8786
5998
7170
3594
6490
1774
2046
7765
2797
5472
9598
4486
6346
3787
4554
7303
5971
1593
1832
2564
5825
1045
3522
4402
6823
907
1775
8379
1312
5136
5658
277
6277
5214
1392
5415
2586
284
2047
4831
5090
1035
4478
3957
3194
4164
625
3331
7430
1300
1536
4780
1791
9378
2205
80
3263
3324
3294
3814
7477
6469
8082
4982
2608
5754
5149
8067
9942
8084
2152
9123
6105
8746
2257
403
1838
9402
8440
9619
9447
3299
9791
1830
8356
5731
9691
6197
640
7653
9594
2732
2184
7504
1494
1069
3109
514
8702
4367
5931
560
6961
161
8022
6152
7643
5385
4980
3080
4913
7027
3686
3137
3408
1201
1599
5732
7583
9938
2109
5579
5442
4505
8174
4059
1689
4165
2774
9410
2542
626
6730
7342
9041
577
2930
689
255
8133
6835
365
7348
9098
4545
7476
5886
1641
4917
5444
3989
5487
8309
7557
1387
8719
9640
2946
9496
4308
1804
3766
5045
433
8849
1500
6053
9263
3963
5877
696
938
1885
1765
3574
4163
7149
4415
4878
5027
825
9734
7486
3488
9694
5384
2915
1121
3710
378
3754
4608
9685
6696
7491
8012
5370
3891
5686
2834
4940
602
4072
5367
7547
6163
5058
678
6807
5959
517
2812
9835
4280
2739
9202
1992
2617
7320
4090
3482
1216
7018
4028
7360
6204
1105
1714
4076
7736
1436
636
7939
5325
2726
7305
7911
5883
1839
446
8698
7347
5652
7361
9265
8007
1780
9921
3326
3264
644
9985
275
6956
20
2742
9401
366
4057
4326
1778
4322
6504
4896
3381
4941
2207
9129
6026
5651
2083
1092
360
1624
3590
2342
1469
40
6759
5498
1719
1991
6642
808
5785
6897
6076
1002
9221
6017
3424
5392
463
5870
4372
6206
8496
502
3803
3287
1836
3608
2504
5082
946
1621
8582
4418
1783
6985
305
2286
5790
395
1253
1313
8224
4705
4243
6660
1451
7972
7228
8938
4360
7388
8572
861
2139
6394
9773
9575
3278
5865
4151
561
4180
7987
3536
7575
2898
4390
7960
4586
8856
5306
7694
8945
2922
6814
3084
2599
8100
1346
1936
1758
551
1570
354
3700
1951
8944
1998
3035
1355
8300
8114
2093
2158
86
7537
1129
1822
4628
4295
7417
8850
2645
2009
419
2123
3410
423
3900
1337
1550
4689
6700
4012
2322
7603
6159
6656
8614
9513
803
7735
6494
4032
6058
196
5159
6824
4655
6727
6591
2541
1580
1856
328
8733
8336
7180
8391
9132
667
8785
4649
2338
9747
7404
5251
3987
292
1582
5824
9060
1425
4262
558
8705
1391
733
6923
9506
1997
3691
2398
1147
4604
764
8318
9532
2134
4618
9180
6599
2210
18
522
5316
1122
2024
5390
1151
8444
3614
4150
9448
2224
3924
9223
7199
4107
3696
6209
6958
9127
5240
4173
9360
5453
9412
8447
4285
2917
6879
7563
2856
4772
3125
5624
2254
6813
9881
249
8348
5443
3216
6678
4771
8238
6615
4924
5019
1587
1545
1632
151
2920
3722
3328
4901
5181
5285
332
6908
7844
9896
7344
6722
9736
8595
4739
9782
9286
2309
888
7550
8942
2901
6536
7478
372
6243
9147
5220
964
3861
2782
8388
477
3822
6144
5976
703
874
7086
2667
6289
3864
199
7669
5608
257
5265
7940
3665
4992
3661
1462
9789
6398
3369
9648
8754
984
1952
7863
3178
1708
1647
291
1482
8338
6898
6323
6352
2181
8782
5383
5379
5525
4954
8611
2949
4642
5494
1051
407
7280
4130
1340
8394
8350
545
944
3709
3251
1901
8715
4691
7854
3667
7337
3859
3556
4715
9807
333
2352
8428
5950
951
1308
3330
8953
8138
5103
5649
208
1152
6179
8607
2400
1666
4430
8939
1373
2020
8291
9023
5338
1983
7025
6793
9610
357
8413
3487
8109
427
7874
1256
3762
9709
2952
9354
6292
1301
8335
7558
2124
6313
5462
870
6300
1594
6666
3731
1338
8256
6500
1158
2850
2130
1055
7533
2889
6949
8243
6724
7192
7266
2554
400
2630
1435
5871
7584
1119
885
1575
4499
7554
1009
6850
9524
8249
3295
8560
8955
1217
9541
8434
4677
271
6889
7628
6702
2759
72
2388
1490
4991
7904
2999
3224
3579
9015
4842
7738
2762
9437
7065
6386
4158
1393
2186
5281
3653
186
6756
9859
6549
9688
2729
444
3415
1084
4752
2897
1919
3581
9493
5935
2321
3606
5797
4997
4147
7106
2387
1276
3646
2523
737
6455
7571
2828
9841
429
1415
2716
9290
9514
563
9153
3093
9719
8102
4352
8210
8343
7726
4596
2132
3926
8185
9611
9682
4701
5245
3059
1561
5148
6996
7008
279
5679
3127
7449
2110
3818
2236
6530
8516
2419
7804
8610
761
2913
5631
4883
1688
9109
8489
5924
6227
5085
9310
5970
7938
7783
6052
2750
9155
2935
6331
7577
2356
3
7843
2984
741
1525
7592
9525
865
2713
3228
3898
9099
5095
5277
6408
6729
3906
5556
3013
5914
8555
9168
3265
4194
5981
1515
3711
5280
2545
8146
2951
9504
5448
1865
6784
4204
7351
381
9143
8877
1483
7353
2240
2741
712
8583
4297
7916
5227
7407
8525
48
2039
1989
5700
6844
6417
8837
4578
1150
5902
6875
3250
9185
1874
8030
7155
5033
415
371
3998
7146
1454
192
1691
9219
8297
1196
3666
9379
5807
5855
1512
8227
7434
4300
293
6131
1244
2813
3260
7870
6232
1441
4875
5131
4340
7724
5637
2136
9952
3399
1026
4871
4099
5323
8169
5843
2758
3742
3517
2604
5036
898
4923
2403
9452
8461
5546
627
7721
5206
9459
8880
8075
1480
4898
739
1390
3738
9177
8296
6312
9320
860
2806
7451
8254
524
7868
273
2753
8237
1771
8284
7516
4536
3332
5164
3618
9242
6736
4455
4957
7542
2756
9037
94
6704
7612
5264
5941
1418
3971
9657
498
4828
9191
6981
8401
6094
5183
2811
9057
688
9668
9543
3824
4016
1524
1028
5420
6953
5013
3974
6637
6559
6895
4062
7140
7867
1380
8580
1888
3948
2239
9893
9298
4643
6281
1736
8313
2955
6328
9435
4795
7016
3024
7324
4468
7962
9238
318
9266
723
6224
6487
6022
5224
2601
3949
2510
6901
708
2657
1754
4237
8263
4956
6726
3205
8063
231
5993
3057
1192
3015
5446
4162
2569
6465
8191
2424
8119
4973
6988
4477
9399
9595
4048
7387
9681
1241
4066
3820
2674
5954
5060
2886
5614
8172
9522
6743
2291
740
2709
8965
5459
7933
3446
656
5232
2546
9718
4564
8609
8316
1504
250
8014
8725
5844
3440
9113
9778
3564
9222
5134
6297
5080
2370
3777
730
6991
3452
1132
4607
9856
8190
8373
6256
21
4296
4227
6859
7782
6694
7774
8960
8039
9945
8905
2662
576
2434
9090
4284
6093
6568
8362
4132
6999
4629
2805
512
1623
4030
1086
1270
2006
7606
5775
6725
5067
5751
1136
6309
1944
9008
2682
5139
3585
962
147
5995
2089
1818
2171
6293
3375
3502
4623
4458
5830
3804
2891
1964
573
1197
7363
7766
3166
3001
9744
9048
3592
1634
2445
6353
6004
5335
1096
7219
797
4182
5687
9326
5077
7269
3144
2606
2692
9793
3374
5706
8212
773
3983
7793
3515
1935
3184
6737
5079
4599
243
6041
5829
4891
2642
3739
4094
3865
2641
1625
4018
8431
7080
1319
1808
2443
3639
4014
4638
4313
398
4275
9033
8657
5609
5858
7043
4549
8556
2534
3404
7820
4020
4619
1564
6997
5876
1296
9500
5799
9879
9007
4416
4252
4282
7063
3167
3337
4403
5508
7775
8032
7263
4183
8864
4156
3386
638
8111
17
8342
2199
9558
8501
9635
4127
9061
5519
7908
3058
8585
1460
7535
3857
6454
7235
6220
379
1455
1272
6914
4373
1514
3237
3456
2059
6184
4438
8161
7274
8281
7427
7207
248
9010
4729
8605
4617
1204
225
5889
7814
4615
4836
3090
518
6792
9342
1770
4963
2548
1681
4936
1075
1633
3599
9501
4097
599
2919
6086
9743
5989
4485
4255
9613
4676
6319
5327
5450
6581
1511
8562
5171
448
3225
9811
6716
3180
7967
2440
340
3239
7849
4078
8458
9731
6085
5541
7878
1619
6596
3116
8827
9909
1222
3771
7133
7824
3816
8132
5219
9764
3845
922
8590
7610
9604
9817
2899
8708
9607
1
4616
6948
2487
9797
1233
9193
3398
9596
4089
6693
6794
2065
4272
4985
7750
1851
156
2360
1713
3610
903
8202
3032
9986
2590
9886
2173
519
8991
7823
7171
2720
3838
2772
4880
7113
7341
5047
4465
2810
5336
9135
1985
5967
9581
1164
4565
766
3270
9292
7158
649
5655
8325
3992
9569
7601
7165
7475
652
6585
1021
5492
8921
7462
7248
2426
5276
8511
6849
4369
3537
6068
9674
9578
1559
1699
3120
487
5644
4876
7399
122
786
6699
1785
2798
9842
2603
9889
9414
1211
7131
8099
5052
5695
1163
513
65
8667
5539
209
4365
3602
7666
935
5360
7264
2867
1140
3707
3464
3563
8159
5217
2722
7380
8386
3071
4757
1091
796
58
6028
3439
3417
4622
880
490
4154
1673
1768
8454
2430
5900
7022
9861
3079
1913
9639
4110
1333
6959
2493
521
949
1049
4126
7257
8438
1630
59
167
2446
3220
3238
4391
7277
3985
7456
1360
1686
9865
5666
7085
6095
4103
7389
1847
5863
2996
4590
142
1897
5685
338
473
6315
4863
5561
8048
5244
9926
4463
8154
2872
9054
1973
2068
178
843
896
6369
920
2248
159
2985
5269
3157
7455
8088
9236
9696
3329
3038
7432
7573
2477
7384
6237
5577
3197
2684
9394
8357
7482
2302
8575
9785
7654
9787
2596
4512
9794
6252
7141
8315
7515
9346
324
9965
7253
7138
2975
2862
478
9999
6193
965
8706
7321
479
8234
6655
7190
7520
8687
7226
6967
2412
4915
8882
3553
6593
7017
5008
5809
2815
6279
8078
3506
7671
5738
5923
9336
7255
7942
9623
2314
9580
6711
327
7183
1843
2622
6735
4955
3390
6622
3273
8389
8460
4682
46
886
6645
5654
4441
385
7559
7368
2853
9723
1443
1000
2764
3839
5572
7727
7195
684
3147
44
3527
8743
4259
3584
9349
7758
8823
9680
6634
8532
8892
6141
1509
9179
2355
5920
3124
1299
6360
2858
7709
8303
1179
2423
5838
2444
8971
6548
7254
7376
5034
176
353
3047
2365
826
4850
7698
4003
4207
8832
7191
1354
1635
3043
5648
3036
754
401
6674
7634
4422
9957
1552
6529
973
3978
7150
9877
5596
5374
5001
4884
9085
8481
1167
1368
3470
5235
8661
4595
5334
3853
8909
2877
7757
7452
3879
9424
3893
2763
3671
6451
5512
8008
219
9422
7196
2561
8800
5393
4120
5495
6132
1669
111
9166
8621
6124
2480
4479
1487
637
9512
6604
3223
7074
7985
4639
1911
2516
3970
5081
6418
310
9959
2780
3275
4135
5937
7528
7100
9065
9940
8510
3087
1286
6809
9931
6781
9172
8936
3999
2115
297
917
6977
1636
2449
8488
7311
2363
4765
2514
4713
1463
4773
7613
643
9891
6212
6750
5062
2032
3212
7052
1505
6318
1579
2244
7790
3774
173
8381
2471
3193
8396
9126
5533
7058
3717
4614
1212
9433
1186
8924
9880
3958
47
23
8966
207
453
6654
7974
5958
29
8961
7884
3052
7116
6713
4450
9178
1637
5209
9914
4560
8983
3595
2796
5773
8518
3876
2533
5974
4667
5038
7201
5682
7995
5881
9919
10000
8915
9388
7172
4833
6023
8351
6110
8038
5947
5547
633
2299
1862
386
6583
3447
1016
8505
4611
6885
7339
2517
4630
7243
4983
2107
346
4567
3210
7267
7944
5594
5447
4759
8602
8714
8223
8474
7609
2011
1059
4260
2129
6000
3126
7717
3576
8043
9102
6088
7676
1731
8280
3491
6410
7730
4507
1017
2320
7997
5826
391
8804
5972
1203
8986
1735
2358
2278
8252
1908
9650
1963
6350
7197
341
4063
5982
3874
686
7289
4690
9339
3660
1756
9603
8972
6556
3009
8215
9703
8480
3627
4867
4051
9257
3011
4968
1208
6422
7416
1978
6919
1803
1660
5328
2420
9149
2960
2615
1507
4474
7336
486
2807
5875
2894
6203
5006
4583
5503
2802
9245
1133
2354
8748
7188
3872
1671
1937
8764
7929
8124
3428
2051
5768
3187
1687
1876
2027
7647
6746
7545
4263
3856
6510
6492
7115
603
7490
5358
1661
4508
9882
3788
2846
7496
9615
4558
1101
7332
6246
2324
2580
8317
6557
1831
8563
2128
1118
5840
3884
1639
254
2153
3174
2429
5246
4646
7396
9246
9721
1269
5096
6412
2671
8535
2791
4870
8184
2015
7205
2892
5564
4958
6878
8998
9335
3721
2100
6797
8
9315
7326
3068
5834
3548
3716
3262
4460
3204
9261
5896
4519
1284
1850
3565
9231
7756
245
7684
5542
883
2725
5560
4721
5828
8978
1769
8051
9663
515
7827
2275
5726
6230
2001
4745
9036
953
697
3745
7051
2057
5053
605
8241
9283
4832
6926
6377
2335
1538
4926
6050
8640
2328
7328
5779
8933
6733
4584
8411
2511
9929
9014
2950
7469
2618
5261
5346
8802
4131
2953
2353
7445
2943
8397
2229
8198
1187
6421
1881
8504
8452
663
6477
2540
3293
239
7752
4653
6649
9083
6869
4397
1190
5188
1655
8242
2842
3732
1352
4571
533
1225
9481
6963
3939
787
136
6834
9937
6651
590
8857
2145
5815
594
5421
124
5189
4335
8926
6420
8288
1351
8947
3146
2262
971
7760
6742
2170
9786
3181
9829
9742
7143
9262
9916
3718
8553
6539
9133
6225
6149
5407
3662
2757
1213
4161
9409
9250
7932
467
8294
6910
9624
6168
3455
9163
313
6780
3521
96
9371
7487
6827
4817
8659
6728
8522
1165
5623
422
105
6437
1109
5163
555
5375
6148
7751
64
4692
9282
9174
3046
5304
1060
2399
3789
6554
7312
2965
4577
3135
1396
2731
3645
5121
320
2005
9333
6771
7701
9534
92
2864
9463
5094
4287
5888
9366
6816
2232
7244
6790
4091
4133
8121
6761
3122
4011
9307
3843
897
404
3200
5711
8669
5221
2413
8103
201
8779
8271
3630
8985
3927
3941
1682
5996
2097
8852
7014
3833
7408
9963
7082
6945
1265
508
7682
4004
2384
6147
2490
9767
2574
6108
1510
7450
1195
3796
2401
3129
2343
9158
789
4475
1546
5511
1855
91
1703
1138
9587
5293
8266
258
8623
2217
4601
4760
8436
6682
9836
4911
3619
2723
2817
5692
9740
1956
2114
1176
7996
6567
8066
1867
2495
8778
5575
6018
6341
7792
4723
1909
3654
304
4965
2127
2633
6911
2620
6389
7007
846
8550
5602
8273
4050
2597
9970
3219
9314
2076
2497
6717
1950
3021
9423
1363
7732
8821
6470
5386
1251
9653
6375
9601
6096
9953
6915
9316
4949
2587
139
8188
8390
7532
1085
2591
5701
2282
924
6242
3863
8862
2703
7493
3500
9469
691
9258
6329
2570
3169
8940
6054
8477
7282
7745
160
5570
4476
8417
66
4945
6400
1664
682
879
5787
6566
3107
8979
5257
8275
5026
7030
5821
5215
348
5926
4034
3549
6515
7273
7837
3222
4789
7378
844
7965
4169
6811
7293
4797
4145
2378
7903
3461
4341
835
7383
3751
2203
134
3479
3132
1254
6117
7989
559
5728
2697
5739
7502
3343
3542
4633
67
7214
588
8406
6681
8060
7703
1220
2648
1869
3053
3290
127
7963
800
8707
1362
8026
1405
1433
742
3162
7899
9417
2272
6345
6608
7720
731
2048
1227
6428
9087
7060
5489
1493
4421
4903
8712
7907
9562
1501
3394
8110
976
2613
3284
2740
4794
9073
6223
4208
6640
2905
2112
3387
5345
5610
2055
9732
8899
7580
8081
8641
2307
5097
242
6450
7511
5802
2293
3613
8392
8276
9961
3213
9556
3701
428
3138
2863
2745
2928
260
36
3580
6461
6629
3562
9300
1406
4626
5340
7978
6030
5852
8533
321
694
2380
6311
2078
5478
4378
6183
1297
2870
8907
283
3320
3076
6970
6874
7034
4892
9058
9572
1261
3190
2013
653
2665
7688
1762
9559
928
1700
331
9675
2349
9840
7561
5298
3044
4171
7789
3552
2890
6546
9146
3729
2936
2768
3546
580
4597
120
8117
4696
302
6588
3480
25
7747
6621
6974
9131
5805
1926
4663
908
9232
600
9991
4535
3644
4037
6011
9600
3682
4606
7949
9712
5185
8758
7225
2562
9969
867
727
5480
9156
456
1399
4113
6101
3217
8660
5190
3335
7379
3444
9697
7828
1712
480
4008
8557
4528
8433
4315
1755
8774
6190
426
9975
4944
623
6162
6720
5550
4201
3406
8596
5690
5660
3708
1056
9920
777
362
8745
8723
7413
8811
1137
9863
2367
6830
1202
8927
5010
9661
7862
8840
4805
3319
2610
6861
7307
3532
179
2627
4095
2450
5589
4541
7119
2819
4323
9866
2330
149
1364
4576
6074
2101
537
4799
6799
1745
5904
2980
5084
9831
2436
7431
6520
8021
488
3750
2869
3271
9878
4017
6828
9883
6975
2649
6626
4044
5832
6573
2792
8344
8415
9972
7039
6376
3274
9783
1161
1215
5486
2318
9632
2544
7819
5088
1258
8083
8365
4684
1739
1917
1077
4996
5791
5856
1330
3896
3607
493
9105
6285
8577
6444
531
9273
2149
43
4031
1577
5934
5921
6211
6509
5963
6925
2751
7068
3744
2907
570
9998
4240
3088
3323
7838
9241
9912
7424
9974
4413
4112
3675
3358
184
7690
234
1083
7635
2402
7256
1207
3806
8232
2238
7755
9097
2368
82
5568
4839
1953
2176
3267
1112
4492
8059
7847
3306
6928
230
2453
4841
2778
711
8451
2062
8058
1907
3131
9850
6384
5893
4893
5513
8668
3934
1766
247
6783
8126
8115
1796
4187
1607
8182
5853
9013
383
8931
4975
7979
8805
2710
5991
2906
2528
1961
2885
8552
5022
4947
7238
2359
221
4669
5200
8658
6663
3587
8914
3156
5628
734
3741
3168
2522
9244
229
6218
5884
5389
7617
8869
2179
4046
7708
5718
8016
1444
7564
9779
7460
1267
6734
1239
1653
8763
5297
6751
3937
1940
9993
4670
1223
2319
1259
9489
4377
4077
3632
9838
9577
5202
1519
985
7331
9197
1747
5319
7187
5439
9612
7083
6079
6541
6286
6411
8239
5396
3234
1957
7458
8954
5197
4907
1567
1518
4228
9724
7560
4436
4581
4844
154
5535
2688
2040
9602
7198
6662
675
998
3419
6507
7685
9979
5016
266
7825
6396
5694
3809
5983
9894
5846
3091
5037
7105
4093
5204
8331
2408
4270
8127
5788
4521
264
6627
851
7237
4849
6719
3823
2575
4688
877
9359
1289
7914
7084
4394
4409
747
7964
9091
4810
4800
8147
7973
6778
4509
9229
6986
9275
7743
6456
9792
2021
1234
1177
7631
831
3768
1813
9494
8116
8846
6913
5296
4637
1807
1020
5984
8173
2676
4879
2019
7137
3792
5147
4396
9047
2023
3890
7162
6393
3776
8096
8625
2686
2705
2694
6191
2602
6137
9651
6639
7316
8666
3715
2007
6257
7123
9225
8634
1275
2344
7749
9845
4134
7956
204
3188
8992
5212
8247
8226
3620
4239
7033
7817
7549
4843
7252
9692
4006
7061
8064
7546
8142
4568
9479
706
5354
131
2661
213
4027
1715
9000
894
2640
9585
2992
4557
4635
4704
8430
8613
8996
3078
8692
5252
6
9468
7179
8490
2256
1656
5616
7770
5736
4790
7764
2997
6358
5813
6118
6164
4471
5009
4338
2766
2049
549
286
4666
2973
4213
8726
452
2486
1685
121
2070
2056
1279
2042
3496
3990
7920
1584
9404
3411
8018
3782
7122
7206
2683
3908
9913
9591
3033
3355
8627
4587
5693
2520
2064
659
6269
8817
6314
409
7249
2631
9644
4291
414
1744
7152
6438
5491
1189
5752
497
4820
969
5211
3082
2685
244
1142
8162
2174
871
7990
9429
9803
1925
7322
1382
9045
6462
2162
8896
8364
6978
5770
2743
6016
1692
2646
6954
7362
7882
3834
2404
4855
8144
5237
2231
8178
6657
1994
5769
7124
4822
7294
2727
9046
8612
1221
4081
7037
5714
375
217
5733
2442
3027
3954
7785
2833
4826
7983
3054
112
406
6595
566
9189
8650
9011
819
4612
4334
940
1928
4974
7296
3909
5031
6838
7746
3641
2972
1996
5753
7981
8369
4582
8677
1695
4002
4964
4256
9152
5146
989
2931
2982
7402
9492
6936
5203
8756
1840
5307
535
9372
9259
4024
7680
8500
6892
393
4868
5792
8527
6463
9025
5606
5837
6900
5932
9151
1995
679
5311
5919
9438
2531
1141
9211
1238
307
4935
5119
5110
5021
9226
5939
6689
6553
4885
9443
1631
2002
3490
4449
2942
4916
4294
9887
8866
7459
6138
6842
2054
9576
2643
5199
5044
2579
9621
7740
2804
8293
2281
7330
7737
9762
1592
8615
7840
6201
5155
1738
8279
1389
1181
8649
3851
685
2195
966
8206
3811
7422
2096
2861
5109
5229
5558
1295
7283
1799
7893
7948
3023
2241
5823
2312
5811
389
6409
8167
9947
9735
5048
4720
2595
4922
1663
4445
7147
8679
5499
7602
8803
3457
3841
7013
9876
996
1018
3867
4762
1781
8040
6111
4939
2311
8499
7665
4746
6308
5780
9397
7440
3904
4742
8044
6562
9309
2876
2235
253
6810
5719
417
3642
1097
8598
7437
5184
1857
4202
9072
7067
6189
8730
4664
9209
3648
8383
9059
2172
202
396
804
276
4962
8540
7801
5405
2394
6264
4763
1597
3977
8784
7481
62
1568
2187
5580
9104
4725
4495
3516
9356
9374
2147
2512
457
3286
6987
440
1232
9670
3453
2611
8163
1117
7711
5729
2295
4393
5196
1540
1473
1643
779
9708
670
4040
7859
6445
8070
3327
6550
3495
8820
3171
7349
1705
7958
458
9344
9264
9301
9012
5445
8478
3746
7672
1574
7529
934
449
8475
4970
9582
5810
3918
1609
1023
1946
3425
2225
1102
6130
7659
4039
7265
3478
7702
2108
1534
6890
3206
5205
2082
3656
7304
4122
1184
5255
7620
7284
2699
7712
469
6822
2841
9228
2689
4331
8141
8768
2690
7809
3936
3007
1749
1062
4483
6217
8670
6760
8922
707
3808
9302
7364
9690
5207
6741
4971
6582
1431
5524
5020
4905
3308
3370
7125
3628
3570
282
4368
2151
492
5566
6055
1824
4722
8875
1461
5218
1622
8704
5397
6641
462
9749
2369
9430
899
3362
5029
1082
9391
4537
7494
9858
2988
8459
1640
2964
2592
4869
6280
6171
411
8062
6339
454
3471
8376
6676
1875
4938
6661
4404
6880
2576
9768
6856
6290
6768
8285
8005
6258
3172
6065
2267
5249
9124
3810
8491
8201
8747
681
5663
7596
4235
5114
6496
9418
7946
1379
9638
6464
3815
9560
4469
5955
6950
8009
5135
97
2585
2315
6351
1200
3951
1737
8616
7239
6035
4389
4005
9832
3597
1173
6143
9737
1326
2209
2251
6430
3300
9997
3962
3911
1041
6007
718
8034
8080
9485
9980
8988
6468
6140
3012
4277
5464
9528
3523
1342
8617
8233
7298
832
2968
402
5496
9411
3773
3828
3371
3931
5850
8393
7638
2213
9208
2012
1916
9358
3541
9676
6543
3352
3848
7032
484
8628
4818
5041
1025
126
8482
7318
1729
5201
3635
4740
4440
2418
736
5348
523
895
4943
5248
5899
5607
9571
4327
5100
2060
8400
256
4453
4434
9565
2390
6307
3281
3807
5290
3207
3296
1385
9253
3451
8934
9509
9291
2327
6993
6024
8054
2234
9949
6194
5102
8470
2260
4889
4531
8790
2616
1812
6083
4225
7385
7447
9554
3074
7048
4620
2655
3159
923
4511
8530
2303
1834
3467
2776
7923
8208
3622
3373
6337
4517
2373
6037
586
3203
5473
6326
902
9954
767
4819
9110
5313
3775
1305
2821
138
7114
2218
4219
5460
6748
3545
3366
4866
2840
9620
2568
2165
4931
7224
4251
7668
534
1218
496
4774
1030
6710
5772
2087
9483
9834
2472
5553
1939
7894
88
4570
866
2154
9825
872
51
6652
5502
5158
1358
8565
3944
4697
5619
7748
5125
5431
5906
8399
701
294
9687
4392
4234
768
613
3150
3221
3255
1024
6098
3100
569
9364
6480
5755
8873
1942
7950
970
3793
6373
2825
1146
6731
8853
9006
1990
2918
8416
3310
3969
1797
9067
3547
4348
8272
5286
4550
6532
1882
6046
8916
4022
2605
2052
6161
1741
6826
8001
6815
5042
7335
7952
8541
7262
4865
6882
3504
3871
6486
7855
8257
752
9319
8545
7395
281
5315
2735
27
1144
510
8310
2439
1825
5710
9078
8367
8879
4977
5615
4387
997
4563
2970
4286
3832
3940
4605
2653
3235
5538
4353
4125
2157
7915
211
3508
9900
4665
7622
6320
3914
2663
6505
9002
7864
8450
4830
919
6267
4728
6787
7876
4874
635
6484
2851
9053
8352
750
9227
7729
9167
193
2362
2509
2902
8918
9183
8312
3230
7346
2105
7821
1134
4751
4023
5530
7788
753
4621
6688
7373
7722
9141
7428
2004
4778
6324
5142
4330
5350
7286
4345
4895
6090
5777
5078
4999
9243
4952
4523
9870
7044
845
7945
22
3316
6120
8441
1235
3631
8164
553
6231
5310
7501
5771
265
1870
8655
1861
420
5061
2133
2552
612
7898
3463
5831
2940
9188
380
5629
7733
9750
5440
9338
702
3095
228
7650
5231
6921
3066
4230
5153
2507
1304
925
2963
1819
8061
1600
7466
3979
6424
1246
2519
195
1934
5241
5918
1899
5949
3672
3111
8737
388
9799
3624
74
1558
7031
4812
6034
775
1696
8479
9280
6511
882
5698
308
5845
2783
2392
5536
8573
4080
5581
7608
5625
3520
1407
8449
4074
2932
1724
4787
7943
9406
9420
185
1553
6335
1492
8261
1788
7871
1488
4316
3905
2116
491
6589
1782
7412
9140
6473
3544
3583
8871
9400
6379
4029
8858
6883
2103
5742
4734
2297
4257
8042
9278
4111
3376
6483
7833
9800
5620
2148
7626
6361
5378
7812
8421
6102
8311
6397
7454
642
114
5282
5626
4266
9049
8948
4109
7509
1098
4969
8834
2188
913
9872
8581
2022
1816
4569
4102
8868
5083
436
223
8512
2255
4520
758
6388
8664
501
9627
3086
5299
3778
9647
5674
1058
8065
7642
6590
3657
8268
616
743
4538
2377
7663
4981
2508
2268
4408
2366
4128
575
450
5517
4085
8029
5069
2037
4118
9729
1104
7229
2749
9248
3422
4157
4049
3699
916
578
6304
3436
5145
9701
978
8485
8935
7525
8152
8091
1193
4200
5748
3049
2120
2140
7683
3955
4264