778
605
287
389
757
727
514
578
48
111
987
816
573
216
603
416
293
664
163
151
257
183
892
874
311
689
813
348
162
574
410
361
717
243
110
12
329
972
206
232
531
851
694
40
667
690
700
794
921
117
403
859
666
364
197
617
119
13
382
118
871
560
323
30
84
723
270
32
487
641
33
70
729
282
950
611
14
363
695
472
166
596
860
626
909
870
310
623
266
412
513
213
832
466
73
630
203
554
699
856
485
606
806
522
557
842
581
811
712
95
612
763
590
616
915
26
39
369
896
156
905
923
991
887
174
983
476
113
405
670
948
129
804
107
736
506
160
671
94
37
541
277
5
599
900
186
665
121
501
654
345
181
205
614
333
879
789
371
855
221
999
168
845
762
77
677
460
404
990
284
335
739
549
475
469
104
61
893
308
71
799
793
226
525
276
171
19
352
425
801
218
908
509
332
446
9
824
268
68
970
734
853
390
978
741
245
89
479
651
420
542
963
642
790
877
215
969
47
602
182
313
190
704
753
267
164
355
924
728
247
99
714
571
344
1
502
823
629
843
22
42
607
357
540
258
261
103
609
453
187
143
324
523
998
378
10
212
50
408
826
518
468
130
211
449
448
984
28
910
300
316
643
93
519
705
202
779
49
751
800
770
424
827
989
292
435
31
776
495
440
565
997
115
570
122
439
249
239
133
838
890
631
92
470
777
377
709
676
807
280
555
484
610
847
636
116
462
274
000
253
957
437
200
497
397
455
381
383
593
78
706
750
976
132
785
646
548
901
533
975
493
866
54
744
124
946
949
863
996
587
608
737
422
53
627
126
80
330
929
451
101
334
930
172
297
713
526
971
37
649
161
6
379
840
897
483
489
482
29
158
809
716
367
256
76
906
572
550
63
934
351
353
817
86
179
834
478
812
515
759
559
303
264
398
392
131
452
586
766
376
538
935
582
849
675
577
359
74
588
681
290
852
625
567
421
836
937
585
97
881
18
743
558
886
644
341
663
394
697
769
872
683
992
432
772
919
562
152
620
702
223
595
933
238
441
543
471
748
3
920
569
322
521
725
652
830
912
198
125
2
945
601
391
721
936
537
281
275
69
385
821
286
227
459
902
656
291
342
718
774
474
289
653
959
189
645
231
938
496
339
150
24
388
940
336
829
442
242
780
100
835
735
492
922
942
527
563
524
52
880
536
781
952
184
928
576
782
954
224
819
362
488
338
941
980
134
177
968
808
507
703
839
858
326
899
180
464
985
27
672
295
465
72
145
370
850
235
325
678
947
358
833
169
687
318
568
241
58
696
958
298
878
419
895
528
427
740
199
556
953
701
196
217
234
259
349
402
764
304
147
436
634
535
175
913
314
396
592
917
35
44
278
857
137
604
758
154
413
889
820
598
657
864
458
904
229
167
327
418
624
914
494
561
225
248
504
128
299
246
802
273
837
207
640
711
16
854
210
444
433
669
315
918
974
354
508
91
655
428
754
633
956
510
674
520
387
25
252
340
873
17
312
898
307
798
619
263
176
796
738
516
688
393
429
564
417
639
477
647
715
294
399
965
272
414
784
594
233
135
591
438
41
618
400
374
331
939
994
552
467
534
443
127
480
783
319
7
848
194
250
109
139
170
356
660
662
788
579
11
271
269
372
434
192
530
621
500
347
251
638
733
98
803
317
208
795
423
445
943
191
123
43
228
4
55
775
106
982
505
146
967
415
731
517
730
142
306
288
597
648
155
979
195
815
771
81
473
321
589
613
814
680
244
973
201
120
138
38
532
684
411
869
632
486
79
157
373
343
144
46
431
384
463
148
380
925
219
236
82
867
668
724
575
285
884
931
865
693
966
481
503
447
15
955
944
529
368
85
454
841
140
547
254
499
566
21
20
894
193
580
153
659
828
222
720
457
36
768
34
787
745
64
882
846
512
876
691
767
173
188
491
159
296
366
57
868
628
105
583
961
56
83
726
328
962
255
545
964
810
165
661
305
59
637
430
90
320
710
673
752
765
204
237
185
260
551
927
96
797
401
544
407
553
995
986
822
891
773
395
977
732
136
450
903
615
456
511
883
426
230
114
112
23
818
309
360
685
951
722
993
679
45
88
707
885
409
747
546
749
283
498
51
831
926
686
375
635
301
461
65
67
279
584
708
805
791
932
792
214
220
262
600
75
742
981
755
346
698
746
692
761
875
786
682
302
490
907
539
844
911
149
350
108
916
650
825
178
102
988
760
8
960
60
386
87
658
406
719
756
240
66
209
622
861
265
888
365
141
862
62